[ 1 ] # AAB28238.2/SP-10/Homo/sapiens
[ 2 ] # XP_024111147.1/acrosomal/protein/SP-10/isoform/X1/Pongo/abelii
[ 3 ] # XP_004052430.1/acrosomal/protein/SP-10/isoform/X1/Gorilla/gorilla/gorilla
[ 4 ] # XP_032023718.1/acrosomal/protein/SP-10/isoform/X1/Hylobates/moloch
[ 5 ] # XP_010351287.1/acrosomal/protein/SP-10/isoform/X1/Rhinopithecus/roxellana
[ 6 ] # XP_008019591.1/acrosomal/protein/SP-10/Chlorocebus/sabaeus
[ 7 ] # XP_014971543.2/acrosomal/protein/SP-10/isoform/X1/Macaca/mulatta
[ 8 ] # XP_031789669.1/acrosomal/protein/SP-10/Piliocolobus/tephrosceles
[ 9 ] # XP_025749484.1/acrosomal/protein/SP-10/Callorhinus/ursinus
[ 10 ] # XP_046288779.1/acrosomal/protein/SP-10/isoform/X1/Marmota/monax
[ 11 ] # CAB46086.1/sperm/protein/10/Rattus/norvegicus
[1  2  3  4  5  6  7  8  9  10  11  ]
[ 1 ] 
[ 2 ] 0.0712118968  
[ 3 ] 0.0042068665  0.0675204769  
[ 4 ] 0.0347849801  0.1057666242  0.0384234861  
[ 5 ] 0.1775390208  0.1063861251  0.1738457978  0.2120179683  
[ 6 ] 0.2421800345  0.1710197926  0.2384911180  0.2766450644  0.0646893978  
[ 7 ] 0.2508364618  0.1796764582  0.2471493632  0.2852984965  0.0733414963  0.0088387234  
[ 8 ] 0.1747461110  0.1036884487  0.1710574627  0.2091248780  0.0058279373  0.0676622391  0.0763059184  
[ 9 ] 0.3475342095  0.4184801280  0.3512074351  0.3128714561  0.5244202614  0.5888900757  0.5975202322  0.5212797523  
[ 10 ] 0.3769138753  0.4478468001  0.3805891871  0.3422488570  0.5537523627  0.6182034612  0.6268345714  0.5505901575  0.0296450481  
[ 11 ] 0.5867882967  0.6576436162  0.5904585719  0.5521089435  0.7633858323  0.8277398944  0.8363566995  0.7601346374  0.2394386232  0.2100201249  
